convolution?gamma=1 -> transform?tf=UNIFORM_NOISE:0&size=1&tsize=1
convolution?gamma=0.25 -> view?name=F:\\convolwww.bmp
fridrich2?gamma=1&alpha=0.001&mode=2 -> view?name=F:\\fridrich2.bmp
convolution?gamma=1&alpha=0.1 -> transform?tf=UNIFORM_NOISE:0
convolution?gamma=0.25&alpha=0.1 -> transform?tf=UNIFORM_NOISE:@$0$100$10$@&size=32&tsize=512




-------convolution?gamma=0.25&alpha=0.1 -> transform?tf=UNIFORM_NOISE:@$0$100$10$@&size=32&tsize=512-------
0 1
10 1
20 1
30 1
40 0,990234
50 0,970703
60 0,921875
70 0,855469
80 0,800781
90 0,726562
100 0,716797
--------------------------------
-------convolution?gamma=0.25&alpha=0.05 -> transform?tf=UNIFORM_NOISE:@$0$100$10$@&size=32&tsize=512-------
0 1
10 0,998047
20 0,998047
30 0,998047
40 0,994141
50 0,984375
60 0,957031
70 0,908203
80 0,830078
90 0,789062
100 0,755859
--------------------------------
-------convolution?gamma=0.25&alpha=0.02 -> transform?tf=UNIFORM_NOISE:@$5$100$5$@&size=32&tsize=512-------
5 1
10 0,996094
15 0,998047
20 0,998047
25 0,996094
30 0,996094
35 0,994141
40 0,996094
45 0,990234
50 0,992188
55 0,988281
60 0,982422
65 0,953125
70 0,935547
75 0,910156
80 0,884766
85 0,833984
90 0,833984
95 0,804688
100 0,798828
--------------------------------


-------convolution?gamma=0.25&alpha=0.02 -> transform?size=32&tsize=512&tf=@$1$10$1$@*13:1-------
1 0,5
2 0,517578
3 0,494141
4 0,533203
5 0,498047
6 0,521484



-------convolution?gamma=0.25&alpha=0.02 -> transform?size=32&tsize=512&tf=30:@$100$5$-5$@-------
100 1
95 0,996094
90 0,990234
85 0,933594
80 0,806641
75 0,720703
70 0,679688
65 0,630859
60 0,619141
55 0,675781
50 0,658203
45 0,751953
40 0,75
35 0,726562
30 0,644531
25 0,529297
20 0,5
15 0,498047
10 0,525391
5 0,496094
--------------------------------

-------convolution?gamma=0.25&alpha=0.05 -> transform?size=32&tsize=512&tf=30:@$100$5$-5$@-------
100 1
95 1
90 1
85 0,988281
80 0,931641
75 0,869141
70 0,769531
65 0,802734
60 0,765625
55 0,792969
50 0,779297
45 0,744141
40 0,681641
35 0,607422
30 0,525391
25 0,490234
20 0,517578
15 0,503906
10 0,462891
5 0,490234
--------------------------------


